174
0 5
0 6
0 7
0 7
0 9
0 16
0 18
0 18
0 19
0 24
1 2
1 3
1 9
1 9
1 11
1 13
1 14
1 14
1 20
1 21
1 24
2 3
2 3
2 5
2 6
2 8
2 8
2 11
2 14
2 15
2 19
2 19
2 22
2 22
2 24
3 6
3 7
3 8
3 8
3 12
3 13
3 15
3 17
3 17
3 18
3 19
3 19
3 21
3 22
3 22
3 22
4 5
4 6
4 7
4 9
4 10
4 11
4 13
4 13
4 13
4 15
4 16
4 16
4 17
4 21
4 23
4 23
5 7
5 7
5 11
5 11
5 15
5 16
5 18
5 18
5 19
5 23
6 8
6 12
6 13
6 16
6 17
6 18
6 22
6 22
6 24
6 24
7 8
7 13
7 13
7 14
7 16
7 17
7 18
7 20
7 20
7 22
7 24
8 10
8 11
8 13
8 17
8 18
8 18
8 18
8 21
8 21
8 22
8 22
8 24
9 10
9 12
9 15
9 16
9 18
9 20
9 21
9 21
10 11
10 11
10 12
10 12
10 14
10 14
10 15
10 16
10 16
10 18
10 23
10 24
11 12
11 17
11 20
11 21
12 17
12 18
12 21
12 22
12 23
12 23
13 14
13 14
13 15
13 18
13 18
13 19
13 19
13 22
13 24
14 16
14 19
14 21
14 23
15 16
15 16
15 22
15 24
15 24
16 17
16 18
16 20
16 22
16 22
17 19
17 21
17 22
17 23
17 24
17 24
17 24
18 19
18 21
19 23
22 23
0