以下方法是通过皎月半洒花(luogu)的博客学到的

最长递增子序列
1 2 7 8 5 6 4 3 9

把当前的数尽量往左放
草稿纸：
1  

1 2  

1 2 7

1 2 7 8 

1 2 7 8 
    5 

1 2 7 8 
    5 6//7 和 8都已经没有用了，因为有更小的 5 6 这样更有希望得到最长递增子序列，所以删去7 和 8  

1 2 5 6 

1 2 5 6 
    4 
    
1 2 5 6 //4 被 3 取代
    4
    3 


1 2 5 6 
    3 

1 2 5 6 9
    3 9
//结束
电脑中的表示：
1 2 7 8
1 2 5 8
1 2 5 6
1 2 4 6
1 2 3 6
1 2 3 6 9


简单题：求最长公共子序列（②单增）
1 2 7 8 5 6 4 3 9 ①
1 2 3 4 5 6 7 8 9 ②
只需要挑出①中最长单增子序列即可
因为从①中挑出的单增子序列必然可以从二中挑出



变形：求最长公共子序列（①不单增）
9 4 3 8 1 6 7 2 5 ①
1 2 7 8 5 6 4 3 9 ②

如果 9 4 3 8 1 6 7 2 5    ①变成单增序列1 2 3 4 5 6 7 8 9
(
    对应法则：
    9->1
    4->2
    3->3
    ...
)

1 2 7 8 5 6 4 3 9    ②就会是5 8 7 4 9 6 2 3 1

这样就变成求
1 2 3 4 5 6 7 8 9
5 8 7 4 9 6 2 3 1
的最长公共子序列了
直接最长单增子序列即可

//可能的缺陷：只允许每个数出现一次，不然对应法则会乱掉。。。
